                 Best                    0110        1110        2110        0120        1120        2120        0121        1121        2121        0111        1111        2111
0100_C101.txt    [2120: (10, 914)]   (10, 914)  (13, 2262)   (10, 914)   (10, 914)  (13, 2450)   (10, 914)  (17, 4545)  (17, 4628)  (16, 4447)  (18, 5174)  (18, 5174)  (16, 4866)
0100_C102.txt    [2110: (11, 1388)]  (11, 1388)  (12, 2204)  (11, 1388)  (11, 1405)  (14, 2740)  (11, 1405)  (16, 5012)  (16, 4891)  (16, 4763)  (15, 5089)  (15, 5089)  (15, 4974)
0100_C103.txt    [2120: (11, 1818)]  (12, 1547)  (11, 2256)  (12, 1547)  (11, 1818)  (11, 2197)  (11, 1818)  (15, 5074)  (15, 5311)  (14, 5040)  (14, 5257)  (14, 5257)  (14, 5132)
0100_C104.txt    [0110: (10, 1498)]  (10, 1498)  (11, 1926)  (11, 1448)  (11, 1589)  (11, 2029)  (11, 1589)  (12, 5314)  (14, 5491)  (14, 5531)  (13, 5401)  (13, 5401)  (13, 5395)
0100_C105.txt    [2120: (10, 970)]   (10, 970)  (12, 2314)   (10, 970)   (10, 970)  (12, 2289)   (10, 970)  (16, 5016)  (17, 5136)  (16, 4995)  (17, 5152)  (17, 5152)  (18, 5160)
0100_C106.txt    [0120: (10, 1092)]  (10, 1092)  (12, 2132)  (10, 1093)  (10, 1092)  (12, 2061)  (10, 1093)  (16, 4952)  (17, 5012)  (15, 4634)  (16, 5146)  (16, 5146)  (19, 5195)
0100_C107.txt    [2120: (10, 1088)]  (10, 1088)  (12, 2216)  (10, 1088)  (10, 1088)  (11, 1915)  (10, 1088)  (16, 5089)  (16, 5241)  (16, 4941)  (16, 5109)  (16, 5109)  (16, 5147)
0100_C108.txt    [2120: (10, 1129)]  (10, 1134)  (12, 2116)  (10, 1134)  (10, 1130)  (12, 2328)  (10, 1129)  (16, 5352)  (17, 5421)  (16, 5032)  (16, 5331)  (16, 5331)  (16, 5374)
0100_C109.txt    [0120: (10, 1111)]  (10, 1111)  (11, 1768)  (10, 1111)  (10, 1111)  (11, 2185)  (10, 1111)  (15, 5260)  (15, 5419)  (15, 5393)  (15, 5339)  (15, 5339)  (14, 5293)
0100_C201.txt    [2110: (4, 928)]    (4, 928)   (4, 1556)    (4, 928)   (4, 1301)   (4, 1938)   (4, 1301)   (6, 4331)   (5, 4324)   (5, 4303)   (5, 4490)   (5, 4490)   (5, 4451)
0100_C202.txt    [2120: (4, 1216)]   (4, 1362)   (4, 1917)   (4, 1362)   (4, 1216)   (4, 2257)   (4, 1216)   (5, 4255)   (5, 4559)   (5, 4682)   (6, 4900)   (6, 4900)   (5, 4951)
0100_C203.txt    [2110: (4, 1647)]   (4, 1647)   (4, 2182)   (4, 1647)   (4, 1860)   (5, 2258)   (4, 1860)   (6, 5085)   (5, 4903)   (6, 5090)   (6, 5343)   (6, 5343)   (5, 5073)
0100_C204.txt    [2110: (4, 1435)]   (4, 1435)   (4, 1550)   (4, 1435)   (4, 1564)   (4, 1711)   (4, 1564)   (5, 5380)   (5, 5469)   (5, 5217)   (5, 5521)   (5, 5521)   (5, 5474)
0100_C205.txt    [2110: (4, 962)]    (4, 962)   (4, 1708)    (4, 962)   (4, 1063)   (4, 2001)   (4, 1063)   (5, 4725)   (5, 4428)   (5, 4487)   (5, 4784)   (5, 4784)   (5, 4682)
0100_C206.txt    [2110: (4, 1143)]   (4, 1143)   (4, 1722)   (4, 1143)   (4, 1246)   (4, 1733)   (4, 1246)   (5, 4645)   (6, 4741)   (5, 4642)   (5, 5038)   (5, 5038)   (5, 5066)
0100_C207.txt    [2110: (4, 937)]    (4, 937)   (4, 1540)    (4, 937)   (4, 1275)   (4, 1672)   (4, 1275)   (5, 4819)   (5, 4570)   (5, 4378)   (5, 4981)   (5, 4981)   (5, 4990)
0100_C208.txt    [2110: (4, 1228)]   (4, 1228)   (4, 1793)   (4, 1228)   (4, 1435)   (4, 1787)   (4, 1435)   (5, 4770)   (5, 4799)   (5, 4978)   (5, 5053)   (5, 5053)   (5, 5076)
0100_R101.txt    [0110: (22, 2262)]  (22, 2262)  (25, 2656)  (25, 2501)  (25, 2522)  (27, 2825)  (24, 2480)  (32, 3681)  (32, 3728)  (33, 3817)  (36, 3927)  (36, 3927)  (34, 3780)
0100_R102.txt    [1120: (21, 2389)]  (22, 2297)  (21, 2390)  (22, 2324)  (22, 2424)  (21, 2389)  (22, 2344)  (30, 3830)  (31, 3876)  (31, 3866)  (33, 4207)  (33, 4207)  (33, 4239)
0100_R103.txt    [0110: (17, 1961)]  (17, 1961)  (18, 2106)  (17, 1992)  (19, 2183)  (18, 2339)  (18, 2130)  (23, 3814)  (26, 4267)  (28, 4231)  (26, 4243)  (26, 4243)  (28, 4304)
0100_R104.txt    [0110: (14, 1596)]  (14, 1596)  (15, 1772)  (14, 1654)  (14, 1676)  (15, 1906)  (14, 1720)  (25, 4286)  (25, 4469)  (26, 4437)  (26, 4671)  (26, 4671)  (27, 4528)
0100_R105.txt    [0110: (17, 1951)]  (17, 1951)  (18, 2216)  (17, 1987)  (17, 1978)  (18, 2204)  (18, 2122)  (28, 3864)  (28, 3807)  (30, 4115)  (29, 3848)  (29, 3848)  (29, 3924)
0100_R106.txt    [0110: (15, 1843)]  (15, 1843)  (17, 2075)  (17, 2022)  (17, 2036)  (17, 2165)  (16, 2099)  (27, 4054)  (27, 4098)  (27, 4092)  (28, 4350)  (28, 4350)  (27, 4132)
0100_R107.txt    [0120: (14, 1770)]  (16, 1917)  (15, 1876)  (16, 1917)  (14, 1770)  (15, 1937)  (16, 1865)  (24, 4038)  (26, 4342)  (26, 4213)  (27, 4665)  (27, 4665)  (25, 4317)
0100_R108.txt    [2110: (12, 1436)]  (13, 1672)  (13, 1661)  (12, 1436)  (12, 1486)  (13, 1655)  (13, 1584)  (24, 4321)  (25, 4488)  (25, 4446)  (26, 4730)  (26, 4730)  (25, 4484)
0100_R109.txt    [0120: (14, 1697)]  (14, 1733)  (16, 1927)  (16, 1874)  (14, 1697)  (16, 1971)  (16, 1898)  (26, 4113)  (28, 4363)  (27, 4054)  (27, 4243)  (27, 4243)  (29, 4326)
0100_R110.txt    [0110: (13, 1712)]  (13, 1712)  (14, 1869)  (14, 1779)  (14, 1756)  (15, 2006)  (13, 1770)  (24, 3990)  (25, 4032)  (25, 4079)  (26, 4333)  (26, 4333)  (28, 4341)
0100_R111.txt    [0110: (14, 1705)]  (14, 1705)  (14, 1839)  (15, 1829)  (15, 1920)  (15, 1941)  (15, 1819)  (26, 4280)  (24, 4129)  (27, 4341)  (25, 4406)  (25, 4406)  (26, 4245)
0100_R112.txt    [2110: (12, 1440)]  (12, 1440)  (13, 1602)  (12, 1440)  (12, 1454)  (13, 1730)  (12, 1454)  (25, 4437)  (25, 4364)  (22, 3848)  (26, 4653)  (26, 4653)  (25, 4326)
0100_R201.txt    [1110: (5, 2254)]   (5, 2403)   (5, 2254)   (5, 2403)   (5, 2260)   (5, 2339)   (5, 2260)   (8, 4264)   (8, 4112)   (7, 4035)   (8, 4185)   (8, 4185)   (9, 4200)
0100_R202.txt    [0110: (5, 1965)]   (5, 1965)   (5, 2136)   (5, 1975)   (5, 2220)   (5, 2067)   (5, 2220)   (8, 4114)   (7, 4090)   (7, 4112)   (9, 4350)   (9, 4350)   (8, 4350)
0100_R203.txt    [2110: (4, 1685)]   (4, 1685)   (4, 1687)   (4, 1685)   (4, 1784)   (4, 1769)   (4, 1784)   (7, 4290)   (7, 4340)   (6, 4141)   (7, 4534)   (7, 4534)   (7, 4536)
0100_R204.txt    [1120: (3, 1311)]   (4, 1343)   (4, 1438)   (4, 1343)   (4, 1440)   (3, 1311)   (4, 1440)   (6, 4554)   (6, 4469)   (7, 4656)   (7, 4754)   (7, 4754)   (7, 4677)
0100_R205.txt    [2110: (4, 1721)]   (4, 1721)   (4, 1813)   (4, 1721)   (4, 1851)   (4, 1863)   (4, 1851)   (7, 4326)   (7, 4347)   (7, 4334)   (7, 4409)   (7, 4409)   (7, 4309)
0100_R206.txt    [1120: (4, 1638)]   (4, 1801)   (4, 1723)   (4, 1801)   (4, 1716)   (4, 1638)   (4, 1716)   (7, 4397)   (6, 4271)   (6, 4254)   (7, 4489)   (7, 4489)   (7, 4570)
0100_R207.txt    [1120: (3, 1386)]   (4, 1602)   (3, 1501)   (4, 1602)   (4, 1632)   (3, 1386)   (4, 1632)   (6, 4686)   (6, 4593)   (6, 4476)   (6, 4684)   (6, 4684)   (6, 4654)
0100_R208.txt    [2120: (3, 1203)]   (3, 1327)   (3, 1282)   (3, 1327)   (3, 1203)   (3, 1256)   (3, 1203)   (6, 4825)   (7, 4768)   (6, 4700)   (7, 4852)   (7, 4852)   (6, 4741)
0100_R209.txt    [1120: (4, 1701)]   (4, 1848)   (4, 1778)   (4, 1848)   (4, 1841)   (4, 1701)   (4, 1841)   (7, 4353)   (7, 4518)   (7, 4537)   (7, 4734)   (7, 4734)   (7, 4633)
0100_R210.txt    [2110: (4, 1829)]   (4, 1829)   (4, 1831)   (4, 1829)   (4, 1859)   (4, 1932)   (4, 1859)   (7, 4386)   (7, 4342)   (6, 4166)   (7, 4549)   (7, 4549)   (7, 4669)
0100_R211.txt    [1110: (3, 1342)]   (3, 1384)   (3, 1342)   (3, 1384)   (3, 1403)   (3, 1453)   (3, 1403)   (7, 4598)   (6, 4536)   (7, 4706)   (7, 4752)   (7, 4752)   (7, 4644)
0100_RC101.txt   [2110: (17, 2244)]  (17, 2244)  (21, 2869)  (17, 2244)  (18, 2466)  (20, 2767)  (19, 2616)  (30, 4536)  (33, 4843)  (34, 4958)  (34, 5000)  (34, 5000)  (35, 5227)
0100_RC102.txt   [0110: (16, 2243)]  (16, 2243)  (19, 2823)  (16, 2336)  (18, 2627)  (21, 3090)  (18, 2598)  (27, 4679)  (29, 4741)  (29, 4869)  (32, 5173)  (32, 5173)  (33, 5313)
0100_RC103.txt   [0110: (15, 2030)]  (15, 2030)  (16, 2368)  (16, 2107)  (15, 2120)  (17, 2608)  (15, 2123)  (27, 4881)  (30, 5451)  (29, 5306)  (30, 5647)  (30, 5647)  (32, 5648)
0100_RC104.txt   [0110: (13, 1789)]  (13, 1789)  (14, 2103)  (13, 1789)  (13, 1793)  (16, 2415)  (13, 1793)  (28, 5275)  (30, 5473)  (28, 5358)  (32, 6156)  (32, 6156)  (32, 5905)
0100_RC105.txt   [2110: (18, 2305)]  (18, 2305)  (20, 2816)  (18, 2305)  (18, 2398)  (20, 2760)  (19, 2453)  (30, 4890)  (31, 4779)  (33, 5307)  (32, 5158)  (32, 5158)  (36, 5330)
0100_RC106.txt   [2120: (14, 1980)]  (14, 2026)  (17, 2432)  (14, 2026)  (14, 1980)  (17, 2574)  (14, 1980)  (27, 4552)  (32, 5359)  (28, 4803)  (32, 5437)  (32, 5437)  (33, 5633)
0100_RC107.txt   [2120: (15, 1996)]  (15, 2077)  (17, 2514)  (15, 2077)  (15, 2025)  (17, 2652)  (15, 1996)  (26, 4802)  (28, 5092)  (28, 5131)  (30, 5457)  (30, 5457)  (31, 5506)
0100_RC108.txt   [2110: (13, 1725)]  (13, 1864)  (16, 2463)  (13, 1725)  (13, 1773)  (16, 2499)  (14, 1883)  (26, 4778)  (29, 5376)  (28, 5180)  (30, 5582)  (30, 5582)  (30, 5398)
0100_RC201.txt   [1110: (5, 2358)]   (6, 2602)   (5, 2358)   (6, 2602)   (5, 2525)   (5, 2426)   (5, 2525)   (9, 5011)   (9, 5087)   (8, 4852)   (9, 5186)   (9, 5186)  (10, 5159)
0100_RC202.txt   [1120: (4, 2214)]   (5, 2089)   (5, 2069)   (5, 2089)   (5, 2255)   (4, 2214)   (5, 2255)   (9, 5500)   (8, 5291)   (8, 5235)   (9, 5431)   (9, 5431)   (9, 5698)
0100_RC203.txt   [1120: (4, 1850)]   (4, 2010)   (4, 1920)   (4, 2027)   (4, 1946)   (4, 1850)   (4, 1946)   (8, 5715)   (8, 5607)   (8, 5568)   (9, 5812)   (9, 5812)   (8, 5905)
0100_RC204.txt   [2120: (4, 1554)]   (4, 1626)   (4, 1591)   (4, 1582)   (4, 1554)   (4, 1615)   (4, 1554)   (8, 5750)   (8, 5944)   (8, 5875)   (8, 6174)   (8, 6174)   (8, 6060)
0100_RC205.txt   [2110: (5, 2365)]   (5, 2365)   (6, 2361)   (5, 2365)   (6, 2460)   (6, 2534)   (6, 2460)   (9, 5625)   (9, 5337)   (9, 5230)  (10, 5938)  (10, 5938)   (9, 5514)
0100_RC206.txt   [2110: (4, 1978)]   (4, 1978)   (4, 2095)   (4, 1978)   (4, 2012)   (4, 2359)   (4, 2012)   (9, 5526)   (9, 5835)   (8, 5280)   (9, 5946)   (9, 5946)  (10, 5916)
0100_RC207.txt   [2110: (4, 1784)]   (4, 1784)   (4, 1938)   (4, 1784)   (4, 1970)   (4, 2192)   (4, 1970)   (8, 5425)   (9, 5812)   (9, 5326)   (9, 5938)   (9, 5938)   (9, 6037)
0100_RC208.txt   [2110: (3, 1507)]   (3, 1507)   (3, 1573)   (3, 1507)   (3, 1603)   (3, 1517)   (3, 1603)   (8, 5824)   (8, 5812)   (8, 5916)   (8, 6125)   (8, 6125)   (8, 6051)
                                           12           3          20           4           7          10           0           0           0           0           0           0
