00025_0100_R2_D_01.txt    [0.50: (2, 587)]    (2, 681)    (2, 587)           0.572
00025_0100_R2_D_02.txt    [0.50: (4, 1240)]   (4, 1303)   (4, 1240)            0.56
00025_0100_R2_D_03.txt    [0.50: (3, 1103)]   (4, 1275)   (3, 1103)           0.172
00025_0100_R2_D_04.txt    [0.50: (4, 1531)]   (4, 1584)   (4, 1531)           0.081
00025_0100_R2_D_05.txt    [0.00: (3, 1273)]   (3, 1273)   (3, 1358)             0.1
00025_0100_R2_D_06.txt    [0.50: (3, 1080)]   (3, 1152)   (3, 1080)           0.163
00025_0100_R2_S_01.txt    [0.00: (3, 718)]    (3, 718)    (3, 877)           0.796
00025_0100_R2_S_02.txt    [0.50: (3, 980)]   (3, 1038)    (3, 980)            0.45
00025_0100_R2_S_03.txt    [0.50: (4, 1252)]   (4, 1428)   (4, 1252)           0.233
00025_0100_R2_S_04.txt    [0.00: (3, 1262)]   (3, 1262)   (3, 1451)            0.09
00025_0100_R2_S_05.txt    [0.50: (3, 1251)]   (3, 1292)   (3, 1251)           0.101
00025_0100_R2_S_06.txt    [0.50: (3, 892)]   (3, 1099)    (3, 892)           0.166
[39, 14105] [38, 13602]