0025_0100_RC1_D_01.txt    [0.50: (6, 630)]    (6, 676)    (6, 630)           0.506
0025_0100_RC1_D_02.txt    [0.50: (10, 1077)]  (13, 1258)  (10, 1077)           0.237
0025_0100_RC1_D_03.txt    [0.50: (8, 1106)]  (10, 1117)   (8, 1106)           0.146
0025_0100_RC1_D_04.txt    [0.50: (10, 1161)]  (12, 1177)  (10, 1161)            0.09
0025_0100_RC1_D_05.txt    [0.50: (8, 1091)]   (10, 993)   (8, 1091)           0.094
0025_0100_RC1_D_06.txt    [0.00: (9, 951)]    (9, 951)   (9, 1109)           0.119
0025_0100_RC1_S_01.txt    [0.00: (7, 771)]    (7, 771)    (8, 806)           0.331
0025_0100_RC1_S_02.txt    [0.50: (8, 847)]  (10, 1162)    (8, 847)           0.143
0025_0100_RC1_S_03.txt    [0.50: (9, 1190)]  (10, 1071)   (9, 1190)            0.09
0025_0100_RC1_S_04.txt    [0.50: (11, 1426)]  (12, 1338)  (11, 1426)           0.055
0025_0100_RC1_S_05.txt    [0.50: (14, 1564)]  (16, 1546)  (14, 1564)           0.058
0025_0100_RC1_S_06.txt    [0.50: (7, 919)]    (8, 937)    (7, 919)           0.083
[123, 12997] [108, 12926]