00025_0100_R1_D_01.txt    [0.00: (8, 773)]    (8, 773)   (10, 889)           0.195
00025_0100_R1_D_02.txt    [0.50: (12, 1068)]  (12, 1116)  (12, 1068)           0.147
00025_0100_R1_D_03.txt    [0.00: (14, 1242)]  (14, 1242)  (16, 1537)           0.048
00025_0100_R1_D_04.txt    [0.50: (18, 1604)]  (18, 1652)  (18, 1604)           0.037
00025_0100_R1_D_05.txt    [0.00: (16, 1450)]  (16, 1450)  (17, 1790)           0.043
00025_0100_R1_D_06.txt    [0.00: (12, 1234)]  (12, 1234)  (12, 1235)           0.046
00025_0100_R1_S_01.txt    [0.00: (9, 876)]    (9, 876)   (10, 952)           0.235
00025_0100_R1_S_02.txt    [0.00: (10, 1025)]  (10, 1025)  (11, 1124)           0.111
00025_0100_R1_S_03.txt    [0.50: (14, 1257)]  (14, 1313)  (14, 1257)           0.072
00025_0100_R1_S_04.txt    [0.00: (17, 1550)]  (17, 1550)  (17, 1805)           0.037
00025_0100_R1_S_05.txt    [0.00: (13, 1480)]  (13, 1480)  (14, 1579)            0.04
00025_0100_R1_S_06.txt    [0.00: (11, 1174)]  (11, 1174)  (11, 1239)           0.046
[154, 14885] [162, 16079]