00025_0100_C2_D_01.txt    [0.50: (2, 495)]    (3, 579)    (2, 495)           1.279
00025_0100_C2_D_02.txt    [0.50: (2, 763)]    (3, 785)    (2, 763)           0.866
00025_0100_C2_D_03.txt    [0.50: (3, 963)]   (3, 1098)    (3, 963)           0.327
00025_0100_C2_D_04.txt    [0.50: (3, 993)]   (4, 1055)    (3, 993)           0.174
00025_0100_C2_D_05.txt    [0.50: (2, 1056)]   (3, 1025)   (2, 1056)           0.248
00025_0100_C2_D_06.txt    [0.50: (2, 872)]    (3, 840)    (2, 872)           0.367
00025_0100_C2_S_01.txt    [0.50: (2, 522)]    (2, 533)    (2, 522)           1.307
00025_0100_C2_S_02.txt    [0.00: (3, 917)]    (3, 917)    (3, 965)           0.483
00025_0100_C2_S_03.txt    [0.50: (3, 937)]    (4, 992)    (3, 937)           0.211
00025_0100_C2_S_04.txt    [0.00: (3, 1087)]   (3, 1087)   (3, 1265)            0.11
00025_0100_C2_S_05.txt    [0.00: (3, 955)]    (3, 955)   (3, 1092)           0.142
00025_0100_C2_S_06.txt    [0.00: (2, 739)]    (2, 739)    (2, 842)           0.259
[36, 10605] [30, 10765]