00025_0100_C1_D_01.txt    [0.50: (2, 257)]    (4, 290)    (2, 257)           2.353
00025_0100_C1_D_02.txt    [0.50: (5, 542)]    (6, 590)    (5, 542)           1.265
00025_0100_C1_D_03.txt    [0.50: (4, 452)]    (6, 561)    (4, 452)           0.823
00025_0100_C1_D_04.txt    [0.50: (5, 671)]    (7, 561)    (5, 671)            0.25
00025_0100_C1_D_05.txt    [0.50: (4, 602)]    (4, 615)    (4, 602)           0.386
00025_0100_C1_D_06.txt    [0.50: (3, 536)]    (4, 504)    (3, 536)           0.681
00025_0100_C1_S_01.txt    [0.50: (3, 423)]    (4, 382)    (3, 423)           0.845
00025_0100_C1_S_02.txt    [0.00: (5, 429)]    (5, 429)    (5, 576)           0.493
00025_0100_C1_S_03.txt    [0.00: (7, 745)]    (7, 745)    (8, 866)           0.321
00025_0100_C1_S_04.txt    [0.00: (7, 719)]    (7, 719)    (8, 959)           0.127
00025_0100_C1_S_05.txt    [0.00: (6, 672)]    (6, 672)    (6, 677)            0.13
00025_0100_C1_S_06.txt    [0.00: (4, 379)]    (4, 379)    (4, 609)           0.238
[64, 6447] [57, 7170]