0025_0100_RC2_D_01.txt    [0.00: (3, 597)]    (3, 597)    (3, 668)           2.544
0025_0100_RC2_D_02.txt    [0.50: (3, 754)]    (4, 906)    (3, 754)           0.705
0025_0100_RC2_D_03.txt    [0.00: (3, 822)]    (3, 822)   (3, 1151)           0.456
0025_0100_RC2_D_04.txt    [0.50: (3, 895)]    (4, 952)    (3, 895)           0.256
0025_0100_RC2_D_05.txt    [0.00: (3, 826)]    (3, 826)   (3, 1150)           0.265
0025_0100_RC2_D_06.txt    [0.50: (2, 857)]    (3, 815)    (2, 857)            0.57
0025_0100_RC2_S_01.txt    [0.50: (3, 791)]    (3, 898)    (3, 791)            0.56
0025_0100_RC2_S_02.txt    [0.00: (3, 584)]    (3, 584)   (4, 1198)           0.623
0025_0100_RC2_S_03.txt    [0.50: (4, 1276)]    (5, 890)   (4, 1276)            0.26
0025_0100_RC2_S_04.txt    [0.00: (3, 976)]    (3, 976)   (4, 1114)           0.116
0025_0100_RC2_S_05.txt    [0.50: (3, 1088)]   (3, 1108)   (3, 1088)           0.145
0025_0100_RC2_S_06.txt    [0.50: (2, 798)]    (3, 878)    (2, 798)           0.233
[40, 10252] [37, 11740]