00025_0200_C2_D_01.txt    [0.50: (2, 672)]    (3, 933)    (2, 672)          16.024
00025_0200_C2_D_02.txt    [0.50: (3, 905)]   (4, 1081)    (3, 905)            10.3
00025_0200_C2_D_03.txt    [0.00: (4, 1078)]   (4, 1078)   (4, 1269)           5.979
00025_0200_C2_D_04.txt    [0.00: (4, 1231)]   (4, 1231)   (4, 1294)           1.798
00025_0200_C2_D_05.txt    [0.50: (3, 1069)]   (3, 1121)   (3, 1069)           2.792
00025_0200_C2_D_06.txt    [0.00: (3, 813)]    (3, 813)   (3, 1101)           4.964
00025_0200_C2_S_01.txt    [0.00: (3, 809)]    (3, 809)    (3, 973)          25.727
00025_0200_C2_S_02.txt    [0.00: (3, 923)]    (3, 923)    (3, 963)           8.466
00025_0200_C2_S_03.txt    [0.50: (4, 1141)]   (5, 1143)   (4, 1141)            3.37
00025_0200_C2_S_04.txt    [0.50: (4, 1408)]   (5, 1345)   (4, 1408)           1.674
00025_0200_C2_S_05.txt    [0.00: (3, 883)]    (3, 883)   (3, 1116)           2.417
00025_0200_C2_S_06.txt    [0.00: (3, 842)]    (3, 842)   (3, 1090)           4.834
[43, 12202] [39, 13001]