00025_0200_C1_D_01.txt    [0.00: (4, 390)]    (4, 390)    (4, 468)          36.535
00025_0200_C1_D_02.txt    [0.50: (7, 750)]    (8, 662)    (7, 750)          17.482
00025_0200_C1_D_03.txt    [0.50: (7, 833)]    (8, 555)    (7, 833)           6.879
00025_0200_C1_D_04.txt    [0.50: (7, 694)]    (9, 704)    (7, 694)           2.892
00025_0200_C1_D_05.txt    [0.00: (6, 632)]    (6, 632)    (6, 754)           3.373
00025_0200_C1_D_06.txt    [0.00: (4, 490)]    (4, 490)    (4, 633)           6.716
00025_0200_C1_S_01.txt    [0.50: (3, 446)]    (4, 427)    (3, 446)          47.588
00025_0200_C1_S_02.txt    [0.50: (4, 583)]    (6, 503)    (4, 583)          16.333
00025_0200_C1_S_03.txt    [0.50: (5, 679)]    (8, 751)    (5, 679)           8.258
00025_0200_C1_S_04.txt    [0.50: (6, 760)]    (9, 680)    (6, 760)           2.832
00025_0200_C1_S_05.txt    [0.00: (6, 568)]    (6, 568)    (6, 755)            3.91
00025_0200_C1_S_06.txt    [0.00: (4, 460)]    (4, 460)    (4, 619)           7.744
[76, 6822] [63, 7974]