00025_0200_R1_D_01.txt    [0.00: (9, 929)]    (9, 929)  (11, 1194)           2.067
00025_0200_R1_D_02.txt    [0.00: (18, 1559)]  (18, 1559)  (19, 1768)           1.052
00025_0200_R1_D_03.txt    [0.00: (19, 1557)]  (19, 1557)  (19, 1802)           0.488
00025_0200_R1_D_04.txt    [0.00: (22, 1896)]  (22, 1896)  (22, 2145)           0.274
00025_0200_R1_D_05.txt    [0.00: (20, 1679)]  (20, 1679)  (21, 2062)           0.291
00025_0200_R1_D_06.txt    [0.00: (16, 1489)]  (16, 1489)  (18, 1764)           0.338
00025_0200_R1_S_01.txt    [0.00: (11, 933)]   (11, 933)  (13, 1145)           2.498
00025_0200_R1_S_02.txt    [0.00: (16, 1302)]  (16, 1302)  (18, 1710)           1.175
00025_0200_R1_S_03.txt    [0.00: (20, 1667)]  (20, 1667)  (21, 2054)           0.522
00025_0200_R1_S_04.txt    [0.00: (22, 1905)]  (22, 1905)  (22, 2054)            0.26
00025_0200_R1_S_05.txt    [0.50: (18, 1913)]  (19, 1700)  (18, 1913)           0.267
00025_0200_R1_S_06.txt    [0.00: (14, 1394)]  (14, 1394)  (16, 1639)           0.345
[206, 18010] [218, 21250]