0025_0200_RC1_D_01.txt    [0.50: (8, 1030)]  (11, 1054)   (8, 1030)            4.11
0025_0200_RC1_D_02.txt    [0.50: (10, 1195)]  (14, 1324)  (10, 1195)           2.104
0025_0200_RC1_D_03.txt    [0.50: (13, 1481)]  (15, 1448)  (13, 1481)           1.408
0025_0200_RC1_D_04.txt    [0.50: (12, 1601)]  (17, 1597)  (12, 1601)           0.786
0025_0200_RC1_D_05.txt    [0.50: (10, 1328)]  (12, 1142)  (10, 1328)           0.958
0025_0200_RC1_D_06.txt    [0.50: (9, 1117)]  (11, 1110)   (9, 1117)           1.109
0025_0200_RC1_S_01.txt    [0.00: (9, 1022)]   (9, 1022)   (9, 1084)           4.739
0025_0200_RC1_S_02.txt    [0.50: (9, 1185)]  (11, 1166)   (9, 1185)           1.991
0025_0200_RC1_S_03.txt    [0.50: (12, 1518)]  (16, 1690)  (12, 1518)           1.159
0025_0200_RC1_S_04.txt    [0.50: (12, 1486)]  (17, 1642)  (12, 1486)           0.819
0025_0200_RC1_S_05.txt    [0.50: (12, 1523)]  (16, 1601)  (12, 1523)            0.76
0025_0200_RC1_S_06.txt    [0.00: (9, 939)]    (9, 939)  (10, 1250)           1.194
[158, 15735] [126, 15798]