00025_0200_R2_D_01.txt    [0.00: (3, 952)]    (3, 952)   (4, 1051)           4.694
00025_0200_R2_D_02.txt    [0.00: (6, 1423)]   (6, 1423)   (6, 1557)           3.431
00025_0200_R2_D_03.txt    [0.00: (5, 1595)]   (5, 1595)   (5, 1654)           1.873
00025_0200_R2_D_04.txt    [0.00: (5, 1792)]   (5, 1792)   (5, 1796)           0.683
00025_0200_R2_D_05.txt    [0.00: (4, 1458)]   (4, 1458)   (5, 1829)            0.78
00025_0200_R2_D_06.txt    [0.50: (3, 1178)]   (4, 1317)   (3, 1178)           1.429
00025_0200_R2_S_01.txt    [0.50: (3, 921)]   (3, 1020)    (3, 921)          12.851
00025_0200_R2_S_02.txt    [0.00: (4, 1223)]   (4, 1223)   (4, 1296)           5.207
00025_0200_R2_S_03.txt    [0.50: (5, 1970)]   (6, 1669)   (5, 1970)           1.711
00025_0200_R2_S_04.txt    [0.00: (7, 2139)]   (7, 2139)   (8, 2193)           0.623
00025_0200_R2_S_05.txt    [0.00: (5, 1590)]   (5, 1590)   (5, 1811)            0.87
00025_0200_R2_S_06.txt    [0.50: (4, 1520)]   (4, 1610)   (4, 1520)           1.354
[56, 17788] [57, 18776]