0025_0200_RC2_D_01.txt    [0.00: (3, 584)]    (3, 584)    (4, 976)          24.118
0025_0200_RC2_D_02.txt    [0.00: (4, 852)]    (4, 852)   (5, 1149)           9.686
0025_0200_RC2_D_03.txt    [0.50: (5, 1472)]   (6, 1198)   (5, 1472)           4.929
0025_0200_RC2_D_04.txt    [0.00: (5, 1165)]   (5, 1165)   (6, 1668)           2.446
0025_0200_RC2_D_05.txt    [0.00: (3, 805)]    (3, 805)   (3, 1076)           3.147
0025_0200_RC2_D_06.txt    [0.00: (3, 797)]    (3, 797)    (3, 988)            4.42
0025_0200_RC2_S_01.txt    [0.00: (3, 772)]    (3, 772)    (4, 883)          19.116
0025_0200_RC2_S_02.txt    [0.50: (4, 1207)]    (5, 836)   (4, 1207)          11.625
0025_0200_RC2_S_03.txt    [0.50: (3, 1144)]    (4, 878)   (3, 1144)           5.511
0025_0200_RC2_S_04.txt    [0.00: (6, 1279)]   (6, 1279)   (6, 2268)           1.993
0025_0200_RC2_S_05.txt    [0.00: (3, 818)]    (3, 818)   (3, 1188)           3.054
0025_0200_RC2_S_06.txt    [0.00: (3, 827)]    (3, 827)    (3, 971)           4.494
[48, 10811] [49, 14990]