                 Best                    0110        1110        2110        0120        1120        2120        0121        1121        2121        0111        1111        2111
0100_C101.txt    [2111: (10, 878)]   (10, 880)  (12, 1269)   (10, 880)  (12, 1166)  (13, 1346)  (12, 1412)  (13, 1659)   (10, 924)  (15, 1538)   (10, 878)   (10, 924)   (10, 878)
0100_C102.txt    [2111: (10, 984)]  (11, 1286)  (12, 1847)  (10, 1209)  (12, 1653)  (12, 1779)  (13, 1550)  (13, 1851)  (10, 1029)  (13, 1770)   (10, 984)  (11, 1115)   (10, 984)
0100_C103.txt    [0111: (10, 1176)]  (12, 1456)  (12, 1878)  (11, 1432)  (11, 1640)  (12, 1938)  (12, 1574)  (12, 1707)  (11, 1224)  (12, 1712)  (10, 1176)  (11, 1168)  (11, 1315)
0100_C104.txt    [1111: (10, 1148)]  (11, 1469)  (11, 1438)  (10, 1318)  (10, 1287)  (11, 1316)  (11, 1381)  (10, 1286)  (10, 1151)  (11, 1296)  (10, 1303)  (10, 1148)  (11, 1291)
0100_C105.txt    [1111: (10, 879)]   (10, 936)  (12, 1218)   (10, 936)  (11, 1134)  (11, 1219)  (11, 1337)  (12, 1402)   (10, 881)  (12, 1728)   (10, 949)   (10, 879)   (10, 949)
0100_C106.txt    [2110: (10, 1059)]  (10, 1059)  (11, 1254)  (10, 1059)  (11, 1303)  (12, 1268)  (12, 1458)  (13, 1743)   (11, 953)  (13, 1729)  (10, 1064)   (11, 952)  (10, 1072)
0100_C107.txt    [1121: (10, 904)]  (10, 1052)  (11, 1174)  (10, 1052)  (10, 1056)  (11, 1186)  (11, 1465)  (12, 1681)   (10, 904)  (12, 1392)  (10, 1058)   (10, 929)  (10, 1058)
0100_C108.txt    [1111: (10, 950)]  (10, 1100)  (11, 1323)  (10, 1100)  (11, 1255)  (11, 1324)  (12, 1601)  (12, 1806)   (10, 977)  (13, 1676)  (11, 1293)   (10, 950)  (11, 1166)
0100_C109.txt    [1111: (10, 942)]  (10, 1208)  (10, 1023)  (10, 1208)  (10, 1203)  (11, 1032)  (10, 1453)  (12, 1728)   (11, 935)  (11, 1642)  (10, 1351)   (10, 942)  (11, 1342)
0100_C201.txt    [2121: (3, 592)]    (3, 592)   (5, 1436)    (3, 592)    (3, 604)   (5, 1436)    (3, 592)    (3, 592)    (3, 604)    (3, 592)    (3, 639)    (3, 604)    (3, 642)
0100_C202.txt    [2110: (3, 802)]    (4, 961)   (6, 1921)    (3, 802)   (4, 1145)   (6, 1925)   (4, 1185)    (5, 947)    (4, 796)    (4, 765)    (3, 806)    (4, 877)    (3, 806)
0100_C203.txt    [1111: (4, 741)]   (4, 1523)   (5, 1944)   (4, 1523)   (5, 1418)   (5, 1930)   (4, 1274)   (4, 1261)    (4, 935)    (4, 772)    (4, 945)    (4, 741)    (4, 945)
0100_C204.txt    [2121: (4, 945)]   (4, 1117)   (4, 1871)   (4, 1168)   (4, 1448)   (4, 1985)   (4, 1361)   (4, 1049)   (4, 1134)    (4, 945)   (4, 1168)    (4, 949)   (4, 1168)
0100_C205.txt    [0120: (3, 636)]    (3, 737)   (4, 1380)    (3, 737)    (3, 636)   (4, 1426)    (3, 665)    (4, 736)    (4, 670)    (4, 714)    (4, 969)    (4, 711)    (4, 969)
0100_C206.txt    [1121: (3, 663)]    (3, 915)   (4, 1329)    (3, 849)    (4, 802)   (4, 1542)    (4, 880)    (4, 833)    (3, 663)    (4, 901)   (4, 1045)    (4, 703)   (4, 1045)
0100_C207.txt    [1111: (3, 687)]    (3, 867)   (5, 1755)    (3, 867)    (4, 739)   (4, 1629)   (4, 1032)    (4, 889)    (3, 750)    (4, 918)   (4, 1048)    (3, 687)   (4, 1048)
0100_C208.txt    [0120: (3, 676)]    (3, 872)   (4, 1333)    (3, 872)    (3, 676)   (5, 1375)    (4, 894)    (4, 849)    (3, 720)    (4, 889)    (4, 983)    (3, 689)    (4, 983)
0100_R101.txt    [1111: (20, 1826)]  (21, 2030)  (23, 2082)  (22, 2065)  (23, 2048)  (22, 2059)  (24, 2161)  (22, 2068)  (21, 1873)  (24, 2094)  (21, 2135)  (20, 1826)  (22, 2085)
0100_R102.txt    [1121: (19, 1705)]  (21, 1975)  (21, 2032)  (20, 2036)  (20, 1834)  (19, 1804)  (22, 2058)  (20, 1961)  (19, 1705)  (20, 1761)  (20, 2030)  (19, 1788)  (22, 2100)
0100_R103.txt    [2121: (15, 1478)]  (17, 1734)  (18, 1894)  (17, 1734)  (15, 1565)  (16, 1718)  (17, 1657)  (15, 1573)  (16, 1534)  (15, 1478)  (17, 1855)  (16, 1478)  (17, 1615)
0100_R104.txt    [0121: (11, 1259)]  (13, 1314)  (13, 1404)  (13, 1424)  (13, 1382)  (13, 1480)  (14, 1456)  (11, 1259)  (12, 1248)  (13, 1288)  (12, 1320)  (13, 1259)  (12, 1331)
0100_R105.txt    [1121: (15, 1598)]  (17, 1861)  (15, 1707)  (16, 1891)  (15, 1681)  (15, 1714)  (18, 2012)  (17, 1740)  (15, 1598)  (17, 1745)  (17, 1868)  (16, 1686)  (18, 1801)
0100_R106.txt    [0120: (13, 1489)]  (16, 1754)  (14, 1557)  (17, 1837)  (13, 1489)  (14, 1669)  (15, 1639)  (14, 1554)  (14, 1457)  (14, 1551)  (15, 1723)  (14, 1443)  (15, 1693)
0100_R107.txt    [2121: (12, 1303)]  (15, 1690)  (12, 1456)  (14, 1528)  (12, 1462)  (13, 1502)  (15, 1592)  (13, 1319)  (12, 1343)  (12, 1303)  (14, 1520)  (12, 1339)  (14, 1463)
0100_R108.txt    [2111: (11, 1182)]  (12, 1326)  (11, 1224)  (12, 1326)  (11, 1225)  (11, 1308)  (12, 1288)  (11, 1211)  (11, 1212)  (11, 1191)  (12, 1336)  (11, 1192)  (11, 1182)
0100_R109.txt    [0120: (13, 1486)]  (13, 1610)  (14, 1619)  (15, 1836)  (13, 1486)  (14, 1574)  (16, 1870)  (14, 1479)  (14, 1431)  (16, 1825)  (15, 1699)  (14, 1413)  (15, 1682)
0100_R110.txt    [1121: (12, 1377)]  (14, 1632)  (13, 1503)  (14, 1716)  (12, 1409)  (12, 1456)  (15, 1778)  (13, 1531)  (12, 1377)  (14, 1682)  (14, 1766)  (13, 1291)  (14, 1576)
0100_R111.txt    [1121: (12, 1309)]  (16, 1550)  (13, 1432)  (15, 1630)  (12, 1463)  (12, 1409)  (14, 1564)  (13, 1470)  (12, 1309)  (13, 1393)  (13, 1487)  (13, 1272)  (13, 1472)
0100_R112.txt    [1111: (11, 1181)]  (12, 1392)  (11, 1189)  (12, 1430)  (11, 1264)  (11, 1288)  (12, 1543)  (11, 1283)  (11, 1284)  (12, 1501)  (12, 1490)  (11, 1181)  (12, 1512)
0100_R201.txt    [2120: (4, 1757)]   (4, 2038)   (5, 2024)   (4, 2038)   (4, 1845)   (5, 1947)   (4, 1757)   (5, 1782)   (5, 1809)   (5, 1862)   (5, 1829)   (5, 1814)   (5, 1805)
0100_R202.txt    [1121: (4, 1573)]   (4, 1744)   (5, 1836)   (5, 1845)   (5, 1666)   (5, 1802)   (4, 1839)   (4, 1585)   (4, 1573)   (4, 1789)   (5, 1742)   (4, 1617)   (4, 1646)
0100_R203.txt    [0121: (4, 1399)]   (4, 1660)   (4, 1660)   (4, 1660)   (4, 1508)   (4, 1624)   (5, 1566)   (4, 1399)   (4, 1539)   (4, 1505)   (4, 1439)   (4, 1478)   (4, 1621)
0100_R204.txt    [1111: (3, 1110)]   (3, 1167)   (3, 1305)   (3, 1167)   (4, 1284)   (4, 1328)   (3, 1188)   (3, 1128)   (3, 1153)   (4, 1210)   (4, 1303)   (3, 1110)   (3, 1143)
0100_R205.txt    [2110: (3, 1541)]   (3, 1541)   (3, 1560)   (3, 1541)   (4, 1474)   (4, 1611)   (4, 1408)   (4, 1422)   (4, 1386)   (4, 1397)   (4, 1591)   (4, 1456)   (4, 1670)
0100_R206.txt    [1121: (3, 1308)]   (3, 1410)   (3, 1461)   (3, 1446)   (4, 1382)   (3, 1396)   (3, 1393)   (4, 1478)   (3, 1308)   (3, 1478)   (4, 1467)   (3, 1385)   (4, 1527)
0100_R207.txt    [1121: (3, 1138)]   (3, 1361)   (3, 1290)   (3, 1361)   (3, 1261)   (3, 1259)   (3, 1258)   (3, 1292)   (3, 1138)   (3, 1226)   (3, 1328)   (3, 1200)   (3, 1285)
0100_R208.txt    [1111: (3, 930)]    (3, 994)   (3, 1102)    (3, 994)   (3, 1098)   (3, 1148)   (3, 1121)   (3, 1063)   (3, 1067)   (3, 1016)   (3, 1143)    (3, 930)    (3, 989)
0100_R209.txt    [0121: (3, 1357)]   (4, 1523)   (3, 1636)   (4, 1523)   (3, 1486)   (4, 1528)   (4, 1512)   (3, 1357)   (4, 1278)   (4, 1358)   (4, 1497)   (4, 1358)   (4, 1615)
0100_R210.txt    [1111: (4, 1336)]   (4, 1537)   (4, 1606)   (4, 1537)   (4, 1456)   (4, 1466)   (4, 1585)   (4, 1360)   (4, 1408)   (4, 1504)   (4, 1546)   (4, 1336)   (4, 1505)
0100_R211.txt    [1121: (3, 1017)]   (3, 1264)   (3, 1276)   (3, 1209)   (3, 1312)   (3, 1224)   (3, 1327)   (3, 1130)   (3, 1017)   (3, 1089)   (3, 1369)   (3, 1130)   (3, 1296)
0100_RC101.txt   [0120: (17, 1867)]  (17, 2029)  (18, 2153)  (17, 2202)  (17, 1867)  (17, 1954)  (21, 2366)  (17, 2049)  (17, 1926)  (20, 2240)  (19, 2373)  (17, 1925)  (17, 2088)
0100_RC102.txt   [1120: (14, 1821)]  (16, 1928)  (17, 2141)  (16, 1962)  (15, 1806)  (14, 1821)  (16, 1886)  (16, 1819)  (16, 1898)  (17, 2090)  (17, 2200)  (15, 1632)  (18, 2237)
0100_RC103.txt   [1121: (12, 1545)]  (14, 1882)  (14, 1730)  (14, 1922)  (14, 1867)  (13, 1779)  (15, 1824)  (13, 1662)  (12, 1545)  (13, 1659)  (14, 1999)  (13, 1550)  (13, 1772)
0100_RC104.txt   [0121: (11, 1404)]  (12, 1556)  (12, 1447)  (12, 1544)  (12, 1558)  (11, 1437)  (14, 1591)  (11, 1404)  (12, 1372)  (12, 1491)  (12, 1633)  (12, 1337)  (12, 1523)
0100_RC105.txt   [1121: (17, 1859)]  (20, 2241)  (17, 1894)  (20, 2312)  (19, 2048)  (18, 2034)  (20, 2224)  (17, 1922)  (17, 1859)  (18, 2090)  (17, 2156)  (18, 1962)  (19, 2231)
0100_RC106.txt   [1120: (13, 1609)]  (16, 2112)  (13, 1674)  (15, 2147)  (13, 1715)  (13, 1609)  (16, 2000)  (14, 1772)  (14, 1731)  (15, 1867)  (15, 1954)  (14, 1619)  (14, 1750)
0100_RC107.txt   [1111: (13, 1436)]  (14, 1796)  (13, 1651)  (16, 2120)  (13, 1686)  (13, 1721)  (13, 1755)  (13, 1613)  (13, 1577)  (17, 2328)  (14, 1851)  (13, 1436)  (15, 1937)
0100_RC108.txt   [1110: (11, 1372)]  (14, 1627)  (11, 1372)  (13, 1814)  (12, 1532)  (12, 1517)  (13, 1764)  (12, 1417)  (11, 1372)  (15, 2045)  (13, 1720)  (12, 1330)  (13, 1648)
0100_RC201.txt   [0121: (4, 1976)]   (5, 2436)   (6, 2415)   (5, 2473)   (5, 2143)   (5, 2586)   (4, 2025)   (4, 1976)   (5, 2078)   (5, 2016)   (6, 2362)   (5, 1976)   (5, 2252)
0100_RC202.txt   [1121: (4, 1812)]   (5, 2193)   (5, 2240)   (5, 2193)   (4, 2008)   (5, 2351)   (5, 2108)   (4, 2014)   (4, 1812)   (4, 1933)   (5, 2015)   (4, 1921)   (5, 2085)
0100_RC203.txt   [1110: (3, 1502)]   (4, 1870)   (3, 1502)   (4, 1870)   (4, 1732)   (4, 1797)   (4, 1842)   (4, 1860)   (4, 1535)   (4, 1592)   (4, 1580)   (4, 1630)   (4, 1747)
0100_RC204.txt   [2121: (3, 1162)]   (3, 1280)   (4, 1469)   (3, 1280)   (3, 1280)   (3, 1192)   (3, 1377)   (3, 1217)   (4, 1258)   (3, 1162)   (4, 1441)   (4, 1288)   (4, 1441)
0100_RC205.txt   [0111: (4, 1972)]   (5, 2414)   (5, 2430)   (5, 2414)   (5, 2043)   (6, 2524)   (4, 2071)   (5, 1902)   (5, 2147)   (5, 2162)   (4, 1972)   (5, 1909)   (5, 2269)
0100_RC206.txt   [0121: (4, 1596)]   (4, 1898)   (5, 2178)   (4, 1898)   (4, 1811)   (4, 2025)   (4, 1664)   (4, 1596)   (4, 1747)   (4, 1657)   (4, 1765)   (4, 1948)   (5, 1989)
0100_RC207.txt   [1121: (4, 1569)]   (4, 1750)   (4, 2130)   (4, 1750)   (4, 1766)   (4, 1950)   (4, 1966)   (4, 1762)   (4, 1569)   (4, 1704)   (4, 1685)   (5, 1690)   (5, 1828)
0100_RC208.txt   [1121: (3, 1159)]   (3, 1492)   (4, 1763)   (3, 1492)   (3, 1371)   (4, 1585)   (4, 1505)   (3, 1240)   (3, 1159)   (3, 1457)   (4, 1675)   (3, 1244)   (3, 1408)
                                            0           2           3           5           2           1           6          15           5           2          12           3
