                 Best                    0110        1110        2110        0120        1120        2120        0121        1121        2121        0111        1111        2111
0025_C101.txt    [1110: (3, 212)]    (3, 258)    (3, 212)    (3, 258)    (3, 212)    (3, 212)    (3, 242)    (3, 264)    (3, 212)    (3, 256)    (3, 259)    (3, 212)    (3, 259)
0025_C102.txt    [1121: (3, 216)]    (3, 267)    (3, 282)    (3, 267)    (3, 243)    (3, 288)    (3, 271)    (3, 353)    (3, 216)    (3, 280)    (3, 328)    (3, 244)    (3, 328)
0025_C103.txt    [0120: (3, 249)]    (3, 254)    (3, 294)    (3, 257)    (3, 249)    (3, 296)    (4, 290)    (3, 291)    (3, 267)    (3, 352)    (3, 356)    (3, 252)    (3, 356)
0025_C104.txt    [0120: (3, 219)]    (3, 276)    (3, 282)    (3, 277)    (3, 219)    (3, 296)    (3, 307)    (3, 298)    (3, 281)    (3, 375)    (3, 350)    (3, 264)    (3, 350)
0025_C105.txt    [1121: (3, 227)]    (3, 258)    (4, 294)    (3, 258)    (3, 231)    (4, 294)    (3, 263)    (4, 302)    (3, 227)    (3, 266)    (3, 267)    (3, 227)    (3, 267)
0025_C106.txt    [1121: (3, 195)]    (3, 258)    (3, 261)    (3, 258)    (4, 281)    (4, 270)    (3, 278)    (4, 306)    (3, 195)    (3, 256)    (3, 259)    (3, 195)    (3, 259)
0025_C107.txt    [1121: (3, 209)]    (3, 268)    (3, 227)    (3, 268)    (3, 218)    (3, 227)    (3, 267)    (4, 300)    (3, 209)    (3, 273)    (3, 267)    (3, 209)    (3, 267)
0025_C108.txt    [1121: (3, 212)]    (3, 257)    (4, 328)    (3, 257)    (3, 220)    (3, 334)    (3, 299)    (4, 299)    (3, 212)    (3, 318)    (3, 273)    (3, 212)    (3, 273)
0025_C109.txt    [1111: (3, 214)]    (3, 339)    (3, 232)    (3, 339)    (3, 239)    (3, 232)    (3, 268)    (4, 265)    (3, 220)    (3, 409)    (3, 282)    (3, 214)    (3, 282)
0025_C201.txt    [0110: (2, 329)]    (2, 329)    (2, 340)    (2, 329)    (2, 329)    (2, 340)    (2, 329)    (2, 356)    (2, 329)    (2, 329)    (2, 332)    (2, 329)    (2, 332)
0025_C202.txt    [1111: (1, 268)]    (1, 323)    (2, 407)    (1, 323)    (1, 396)    (2, 407)    (1, 380)    (2, 292)    (2, 290)    (2, 279)    (1, 272)    (1, 268)    (1, 272)
0025_C203.txt    [0121: (1, 261)]    (2, 307)    (2, 353)    (2, 307)    (2, 335)    (2, 335)    (2, 315)    (1, 261)    (2, 394)    (1, 279)    (1, 272)    (1, 299)    (1, 272)
0025_C204.txt    [0111: (1, 246)]    (2, 317)    (2, 306)    (2, 317)    (2, 313)    (2, 313)    (2, 297)    (1, 253)    (2, 332)    (2, 319)    (1, 246)    (2, 289)    (1, 246)
0025_C205.txt    [0120: (1, 299)]    (1, 322)    (1, 322)    (1, 322)    (1, 299)    (1, 322)    (1, 322)    (1, 307)    (1, 333)    (1, 328)    (1, 343)    (1, 328)    (1, 343)
0025_C206.txt    [0120: (1, 304)]    (2, 318)    (2, 331)    (2, 318)    (1, 304)    (2, 331)    (2, 318)    (1, 305)    (2, 315)    (2, 322)    (2, 333)    (2, 310)    (2, 333)
0025_C207.txt    [0111: (1, 316)]    (1, 329)    (1, 331)    (1, 329)    (1, 329)    (1, 331)    (1, 329)    (1, 352)    (2, 336)    (2, 325)    (1, 316)    (2, 331)    (1, 316)
0025_C208.txt    [0120: (1, 237)]    (1, 285)    (2, 350)    (1, 285)    (1, 237)    (2, 350)    (1, 285)    (1, 242)    (1, 286)    (1, 277)    (1, 291)    (1, 281)    (1, 291)
0025_R101.txt    [2111: (8, 635)]    (8, 718)   (10, 793)    (8, 695)    (9, 832)   (10, 863)    (9, 788)    (8, 696)    (8, 702)    (8, 670)    (8, 740)    (8, 702)    (8, 635)
0025_R102.txt    [2111: (7, 663)]    (7, 713)    (7, 748)    (7, 696)    (7, 696)    (7, 758)    (7, 697)    (7, 684)    (7, 721)    (7, 680)    (7, 715)    (7, 691)    (7, 663)
0025_R103.txt    [2111: (4, 490)]    (6, 646)    (5, 648)    (6, 553)    (6, 629)    (5, 618)    (5, 603)    (6, 558)    (5, 576)    (6, 560)    (7, 637)    (5, 556)    (4, 490)
0025_R104.txt    [0111: (5, 548)]    (5, 562)    (5, 620)    (5, 562)    (5, 590)    (5, 589)    (5, 572)    (5, 552)    (5, 569)    (6, 548)    (5, 548)    (5, 555)    (5, 548)
0025_R105.txt    [0111: (6, 564)]    (6, 619)    (6, 669)    (6, 629)    (6, 617)    (6, 649)    (6, 635)    (6, 619)    (6, 593)    (7, 583)    (6, 564)    (6, 564)    (7, 636)
0025_R106.txt    [1121: (5, 543)]    (5, 622)    (5, 656)    (5, 581)    (5, 580)    (5, 581)    (5, 570)    (5, 589)    (5, 543)    (6, 645)    (5, 596)    (5, 589)    (5, 630)
0025_R107.txt    [2121: (4, 513)]    (4, 514)    (4, 540)    (4, 544)    (5, 598)    (4, 524)    (6, 626)    (4, 514)    (5, 559)    (4, 513)    (4, 572)    (5, 540)    (4, 518)
0025_R108.txt    [1121: (4, 450)]    (4, 555)    (5, 562)    (4, 555)    (5, 569)    (4, 470)    (4, 502)    (4, 478)    (4, 450)    (4, 478)    (4, 534)    (4, 580)    (4, 490)
0025_R109.txt    [0121: (5, 507)]    (5, 585)    (5, 558)    (5, 585)    (5, 518)    (5, 553)    (5, 581)    (5, 507)    (5, 523)    (5, 527)    (5, 584)    (5, 547)    (5, 525)
0025_R110.txt    [1121: (4, 472)]    (5, 590)    (5, 527)    (5, 576)    (5, 564)    (5, 550)    (5, 600)    (5, 553)    (4, 472)    (5, 535)    (5, 596)    (5, 502)    (5, 548)
0025_R111.txt    [0121: (4, 512)]    (5, 698)    (5, 533)    (5, 698)    (5, 545)    (4, 542)    (5, 600)    (4, 512)    (5, 564)    (5, 556)    (5, 591)    (5, 648)    (4, 556)
0025_R112.txt    [1111: (4, 468)]    (4, 525)    (4, 510)    (4, 525)    (4, 481)    (4, 503)    (4, 513)    (4, 479)    (4, 471)    (4, 528)    (4, 504)    (4, 468)    (4, 574)
0025_R201.txt    [1121: (2, 598)]    (2, 712)    (2, 712)    (2, 712)    (2, 712)    (2, 712)    (2, 712)    (2, 684)    (2, 598)    (2, 734)    (2, 719)    (2, 713)    (2, 701)
0025_R202.txt    [0121: (2, 610)]    (2, 747)    (2, 725)    (2, 747)    (2, 738)    (2, 725)    (2, 722)    (2, 610)    (2, 709)    (2, 615)    (2, 631)    (2, 715)    (2, 657)
0025_R203.txt    [0121: (2, 575)]    (2, 613)    (2, 730)    (2, 648)    (2, 667)    (2, 691)    (2, 640)    (2, 575)    (2, 608)    (2, 575)    (2, 576)    (2, 629)    (2, 587)
0025_R204.txt    [2121: (2, 453)]    (2, 524)    (2, 576)    (2, 524)    (2, 532)    (2, 576)    (2, 523)    (2, 488)    (2, 544)    (2, 453)    (2, 535)    (2, 527)    (2, 535)
0025_R205.txt    [0120: (1, 592)]    (1, 592)    (1, 606)    (1, 592)    (1, 592)    (1, 606)    (1, 592)    (2, 512)    (2, 561)    (2, 543)    (2, 604)    (2, 595)    (2, 604)
0025_R206.txt    [0111: (1, 533)]    (1, 553)    (1, 559)    (1, 553)    (1, 572)    (1, 565)    (1, 569)    (2, 491)    (2, 494)    (2, 491)    (1, 533)    (2, 644)    (2, 568)
0025_R207.txt    [1121: (1, 462)]    (1, 508)    (2, 596)    (1, 544)    (2, 575)    (2, 618)    (1, 580)    (2, 458)    (1, 462)    (2, 458)    (2, 539)    (1, 526)    (2, 507)
0025_R208.txt    [2121: (1, 383)]    (2, 525)    (1, 571)    (2, 525)    (1, 489)    (1, 504)    (2, 568)    (1, 387)    (1, 434)    (1, 383)    (1, 512)    (1, 508)    (1, 512)
0025_R209.txt    [0120: (1, 508)]    (1, 526)    (1, 526)    (1, 526)    (1, 508)    (1, 508)    (1, 508)    (2, 461)    (2, 478)    (2, 483)    (2, 489)    (2, 563)    (2, 554)
0025_R210.txt    [0121: (2, 520)]    (2, 614)    (2, 641)    (2, 614)    (2, 618)    (2, 617)    (2, 618)    (2, 520)    (2, 528)    (2, 653)    (2, 665)    (2, 652)    (2, 654)
0025_R211.txt    [0111: (1, 448)]    (1, 510)    (1, 510)    (1, 510)    (1, 462)    (1, 462)    (1, 462)    (1, 453)    (1, 455)    (2, 488)    (1, 448)    (1, 482)    (1, 479)
0025_RC101.txt   [0120: (4, 482)]    (4, 488)    (5, 520)    (4, 488)    (4, 482)    (5, 516)    (4, 484)    (5, 589)    (5, 542)    (5, 531)    (5, 580)    (5, 542)    (5, 559)
0025_RC102.txt   [1111: (3, 355)]    (3, 389)    (3, 366)    (3, 389)    (3, 397)    (3, 366)    (3, 397)    (4, 414)    (3, 361)    (4, 414)    (4, 471)    (3, 355)    (4, 449)
0025_RC103.txt   [1111: (3, 334)]    (3, 390)    (3, 364)    (3, 390)    (3, 402)    (3, 364)    (3, 403)    (3, 343)    (3, 342)    (3, 338)    (3, 370)    (3, 334)    (3, 373)
0025_RC104.txt   [1111: (3, 311)]    (4, 476)    (4, 448)    (4, 476)    (4, 484)    (4, 448)    (4, 484)    (3, 345)    (3, 315)    (3, 324)    (3, 336)    (3, 311)    (3, 345)
0025_RC105.txt   [1120: (4, 434)]    (4, 434)    (5, 506)    (4, 434)    (4, 473)    (4, 434)    (4, 473)    (6, 702)    (5, 522)    (6, 555)    (5, 579)    (6, 553)    (5, 505)
0025_RC106.txt   [0110: (3, 363)]    (3, 363)    (3, 368)    (3, 363)    (3, 378)    (3, 382)    (3, 371)    (4, 419)    (4, 436)    (4, 436)    (4, 466)    (4, 436)    (4, 438)
0025_RC107.txt   [2121: (3, 319)]    (3, 336)    (3, 333)    (3, 330)    (4, 432)    (4, 400)    (4, 561)    (4, 538)    (4, 407)    (3, 319)    (3, 320)    (4, 383)    (3, 348)
0025_RC108.txt   [0121: (3, 301)]    (3, 321)    (3, 326)    (3, 321)    (3, 325)    (3, 325)    (3, 328)    (3, 301)    (3, 347)    (3, 308)    (3, 358)    (3, 347)    (3, 303)
0025_RC201.txt   [0121: (2, 530)]    (2, 698)    (2, 832)    (2, 698)    (2, 698)    (2, 832)    (2, 698)    (2, 530)    (2, 645)    (2, 786)    (2, 543)    (2, 659)    (2, 768)
0025_RC202.txt   [0111: (2, 537)]    (2, 582)    (2, 994)    (2, 582)    (2, 678)    (2, 777)    (2, 678)    (2, 541)    (2, 730)    (2, 552)    (2, 537)    (2, 721)    (2, 537)
0025_RC203.txt   [1111: (1, 479)]    (1, 494)    (2, 725)    (1, 494)    (2, 620)    (2, 725)    (2, 620)    (2, 490)    (1, 526)    (2, 485)    (2, 494)    (1, 479)    (2, 494)
0025_RC204.txt   [2121: (1, 349)]    (2, 517)    (2, 758)    (2, 517)    (2, 520)    (2, 758)    (2, 520)    (1, 435)    (1, 525)    (1, 349)    (1, 428)    (1, 525)    (1, 428)
0025_RC205.txt   [0121: (2, 610)]    (2, 639)    (2, 808)    (2, 639)    (2, 772)    (2, 805)    (2, 772)    (2, 610)    (2, 616)    (2, 616)    (2, 625)    (2, 620)    (2, 615)
0025_RC206.txt   [1110: (1, 580)]    (2, 606)    (1, 580)    (2, 606)    (2, 606)    (1, 580)    (2, 606)    (2, 547)    (2, 557)    (2, 635)    (2, 541)    (2, 555)    (2, 635)
0025_RC207.txt   [1121: (2, 540)]    (2, 548)    (2, 737)    (2, 548)    (2, 658)    (2, 679)    (2, 658)    (2, 662)    (2, 540)    (2, 548)    (2, 591)    (2, 550)    (2, 564)
0025_RC208.txt   [1111: (1, 323)]    (1, 411)    (2, 528)    (1, 411)    (2, 482)    (2, 524)    (2, 482)    (1, 332)    (1, 330)    (1, 344)    (2, 435)    (1, 323)    (2, 435)
                                            2           2           0           8           1           0           9          11           5           7           8           3
