1000
2
6
17
0	42	62	0	0	1236	0
1	45	68	0	0	1236	0
2	45	70	0	0	1236	0
3	40	65	0	0	1236	0
4	42	67	0	0	1236	0
5	38	60	0	0	1236	0
6	37	59	0	0	1236	0
1	44	69	10	0	1236    90	
2	44	69	30	0	1236    90	
3	43	66	10	0	1236    90	
4	41	66	10	0	1236    90	
5	37	60	10	0	1236    900
6	46	67	10	0	1236    90	
7	44	67	30	0	1236    90	
8	41	68	10	0	1236    90	
9	40	65	10	0	1236    90	
10	46	70	10	0	1236    90	
11	44	70	30	0	1236    90	
12	42	67	10	0	1236    90	
13	41	67	10	0	1236    90	
14	38	59	10	0	1236    900	
15	38	58	10	0	1236    900 
16	36	59	10	0	1236    900 
17	37	57	10	0	1236    900 