10000
5
25
200
0	40	50	0	0	1236	0
1	45	68	10	0	1236	0
2	45	70	30	0	1236	0
3	42	66	10	0	1236	0
4	42	68	10	0	1236	0
5	42	65	10	0	1236	0
6	40	69	20	0	1236	0
7	40	66	20	0	1236	0
8	38	68	20	0	1236	0
9	38	70	10	0	1236	0
10	35	66	10	0	1236	0
11	35	69	10	0	1236	0
12	25	85	20	0	1236	0
13	22	75	30	0	1236	0
14	22	85	10	0	1236	0
15	20	80	40	0	1236	0
16	20	85	40	0	1236	0
17	18	75	20	0	1236	0
18	15	75	20	0	1236	0
19	15	80	10	0	1236	0
20	30	50	10	0	1236	0
21	30	52	20	0	1236	0
22	28	52	20	0	1236	0
23	28	55	10	0	1236	0
24	25	50	10	0	1236	0
25	25	52	40	0	1236	0
1	47	69	10	974	1035	90
2	45	70	10	0	1146	90
3	44	66	10	403	464	90
4	48	69	10	0	1146	90
5	46	71	10	880	941	90
6	42	71	10	593	654	90
7	48	69	10	0	1146	90
8	45	68	10	0	1146	90
9	45	68	30	0	1146	90
10	46	68	30	0	1146	90
11	46	67	30	1114	1175	90
12	45	71	30	0	1146	90
13	47	67	30	0	1146	90
14	44	72	30	0	1146	90
15	46	70	30	1115	1225	90
16	45	72	30	0	1146	90
17	40	66	10	0	1146	90
18	42	63	10	0	1146	90
19	44	68	10	0	1146	90
20	39	65	10	287	348	90
21	45	63	10	0	1146	90
22	43	66	10	0	1146	90
23	41	68	10	0	1146	90
24	39	68	10	0	1146	90
25	39	69	10	0	1146	90
26	41	71	10	0	1146	90
27	45	66	10	0	1146	90
28	45	67	10	1016	1077	90
29	39	70	10	0	1146	90
30	45	68	10	0	1146	90
31	43	69	10	0	1146	90
32	40	69	10	0	1146	90
33	39	64	10	0	1146	90
34	40	62	10	0	1146	90
35	44	66	10	639	700	90
36	43	63	10	0	1146	90
37	39	66	10	0	1146	90
38	41	63	10	0	1146	90
39	44	65	10	774	835	90
40	40	64	10	0	1146	90
41	42	68	20	0	1146	90
42	43	69	20	0	1146	90
43	39	66	20	327	388	90
44	40	70	20	331	392	90
45	41	70	20	0	1146	90
46	39	67	20	766	827	90
47	42	69	20	0	1146	90
48	42	66	20	1010	1071	90
49	43	68	20	0	1146	90
50	41	69	20	18	79	90
51	42	69	20	0	1146	90
52	39	63	20	0	1146	90
53	43	66	20	780	841	90
54	37	63	20	0	1146	90
55	38	65	20	404	465	90
56	39	68	20	0	1146	90
57	37	68	20	0	1146	90
58	41	66	20	533	594	90
59	40	67	20	0	1146	90
60	38	68	20	0	1146	90
61	40	69	20	0	1146	90
62	41	67	20	0	1146	90
63	41	70	20	0	1146	90
64	38	67	20	123	184	90
65	39	67	10	0	1146	90
66	41	68	10	0	1146	90
67	36	70	10	0	1146	90
68	35	67	10	0	1146	90
69	40	73	10	0	1146	90
70	39	71	10	0	1146	90
71	35	73	10	0	1146	90
72	39	72	10	0	1146	90
73	35	63	10	0	1146	90
74	35	66	10	0	1146	90
75	33	63	10	0	1146	90
76	36	69	10	1116	1198	90
77	37	69	10	0	1146	90
78	33	64	10	449	510	90
79	38	65	10	0	1146	90
80	32	64	10	0	1146	90
81	35	72	10	0	1146	90
82	33	68	10	0	1146	90
83	34	69	10	0	1146	90
84	38	66	10	0	1146	90
85	35	68	10	99	160	90
86	36	66	10	0	1146	90
87	38	66	10	709	770	90
88	37	66	10	0	1146	90
89	26	86	20	0	1146	90
90	26	82	20	0	1146	90
91	27	88	20	0	1146	90
92	26	84	20	0	1146	90
93	27	85	20	337	398	90
94	23	86	20	0	1146	90
95	26	82	20	0	1146	90
96	26	83	20	0	1146	90
97	25	77	30	0	1146	90
98	22	72	30	0	1146	90
99	21	73	30	0	1146	90
100	21	72	30	203	264	90
101	21	75	30	500	561	90
102	21	76	30	0	1146	90
103	19	78	30	429	490	90
104	21	73	30	0	1146	90
105	25	88	10	0	1146	90
106	23	84	10	0	1146	90
107	24	82	10	0	1146	90
108	22	85	10	0	1146	90
109	22	88	10	48	109	90
110	19	85	10	672	733	90
111	23	82	10	0	1146	90
112	20	85	10	0	1146	90
113	22	82	40	0	1146	90
114	22	78	40	0	1146	90
115	20	80	40	0	1146	90
116	22	79	40	0	1146	90
117	19	78	40	0	1146	90
118	17	79	40	0	1146	90
119	22	79	40	0	1146	90
120	21	83	40	0	1146	90
121	22	87	40	0	1146	90
122	20	83	40	0	1146	90
123	21	83	40	0	1146	90
124	18	86	40	0	1146	90
125	20	86	40	0	1146	90
126	23	86	40	0	1146	90
127	23	83	40	0	1146	90
128	22	86	40	0	1146	90
129	16	72	20	0	1146	90
130	20	72	20	0	1146	90
131	19	73	20	0	1146	90
132	19	77	20	0	1146	90
133	20	76	20	0	1146	90
134	15	73	20	212	273	90
135	18	76	20	0	1146	90
136	15	77	20	0	1146	90
137	14	74	20	0	1146	90
138	14	72	20	0	1146	90
139	15	78	20	0	1146	90
140	14	78	20	0	1146	90
141	17	76	20	0	1146	90
142	15	74	20	865	926	90
143	17	78	20	297	358	90
144	18	72	20	0	1146	90
145	14	83	10	0	1146	90
146	14	79	10	239	300	90
147	16	79	10	0	1146	90
148	13	82	10	0	1146	90
149	12	78	10	0	1146	90
150	14	79	10	236	297	90
151	12	80	10	1094	1216	90
152	14	78	10	0	1146	90
153	29	51	10	0	1146	90
154	29	50	10	0	1146	90
155	32	53	10	0	1146	90
156	30	53	10	0	1146	90
157	32	52	10	0	1146	90
158	33	49	10	0	1146	90
159	27	50	10	0	1146	90
160	28	47	10	0	1146	90
161	27	50	20	879	940	90
162	27	54	20	0	1146	90
163	33	51	20	618	679	90
164	31	51	20	595	656	90
165	33	50	20	0	1146	90
166	28	51	20	0	1146	90
167	29	52	20	0	1146	90
168	32	55	20	0	1146	90
169	26	53	20	0	1146	90
170	30	49	20	0	1146	90
171	27	49	20	709	770	90
172	26	55	20	415	476	90
173	25	52	20	0	1146	90
174	29	52	20	0	1146	90
175	30	51	20	1125	1215	90
176	27	55	20	0	1146	90
177	30	53	10	0	1146	90
178	26	55	10	0	1146	90
179	31	53	10	267	328	90
180	25	56	10	916	977	90
181	30	56	10	0	1146	90
182	30	55	10	0	1146	90
183	26	55	10	0	1146	90
184	30	57	10	0	1146	90
185	23	53	10	0	1146	90
186	25	52	10	0	1146	90
187	25	53	10	0	1146	90
188	24	51	10	0	1146	90
189	27	48	10	0	1146	90
190	24	47	10	0	1146	90
191	24	51	10	0	1146	90
192	27	47	10	0	1146	90
193	26	51	40	0	1146	90
194	24	52	40	936	997	90
195	28	51	40	0	1146	90
196	24	52	40	0	1146	90
197	26	51	40	0	1146	90
198	24	49	40	0	1146	90
199	26	54	40	0	1146	90
200	25	51	40	0	1146	90
