10000
5
25
200
0	35	35	0	0	230	0
1	41	49	10	0	230	0
2	35	17	7	0	230	0
3	55	45	13	0	230	0
4	55	20	19	0	230	0
5	15	30	26	0	230	0
6	25	30	3	0	230	0
7	20	50	5	0	230	0
8	10	43	9	0	230	0
9	55	60	16	0	230	0
10	30	60	16	0	230	0
11	20	65	12	0	230	0
12	50	35	19	0	230	0
13	30	25	23	0	230	0
14	15	10	20	0	230	0
15	30	5	8	0	230	0
16	10	20	19	0	230	0
17	5	30	2	0	230	0
18	20	40	12	0	230	0
19	15	60	17	0	230	0
20	45	65	9	0	230	0
21	45	20	11	0	230	0
22	45	10	18	0	230	0
23	55	5	29	0	230	0
24	65	35	3	0	230	0
25	65	20	6	0	230	0
1	40	48	10	156	202	10
2	41	49	10	6	52	10
3	39	47	10	94	140	10
4	44	48	10	121	167	10
5	39	51	10	89	135	10
6	43	52	10	142	188	10
7	38	49	10	130	176	10
8	44	51	10	153	199	10
9	34	16	7	119	165	10
10	35	19	7	155	201	10
11	36	18	7	0	46	10
12	33	17	7	21	67	10
13	34	20	7	19	65	10
14	33	16	7	72	118	10
15	37	17	7	118	164	10
16	34	18	7	121	167	10
17	58	44	13	27	73	10
18	57	48	13	47	93	10
19	56	45	13	140	186	10
20	58	47	13	147	193	10
21	56	43	13	53	99	10
22	52	45	13	71	117	10
23	57	46	13	76	122	10
24	58	46	13	36	82	10
25	57	23	19	116	162	10
26	55	20	19	96	142	10
27	56	21	19	93	139	10
28	53	17	19	17	63	10
29	58	19	19	155	201	10
30	54	20	19	151	197	10
31	55	18	19	152	198	10
32	56	19	19	130	176	10
33	17	33	26	92	138	10
34	15	32	26	161	207	10
35	13	29	26	30	76	10
36	17	33	26	20	66	10
37	15	29	26	133	179	10
38	16	28	26	136	182	10
39	14	30	26	173	219	10
40	13	31	26	59	105	10
41	28	29	3	19	65	10
42	25	29	3	9	55	10
43	28	28	3	107	153	10
44	27	32	3	173	219	10
45	27	31	3	177	223	10
46	26	33	3	146	192	10
47	28	29	3	15	61	10
48	23	30	3	127	173	10
49	19	49	5	136	182	10
50	19	52	5	47	93	10
51	18	53	5	119	165	10
52	19	51	5	2	48	10
53	21	49	5	166	212	10
54	19	50	5	171	217	10
55	23	53	5	85	131	10
56	17	51	5	149	195	10
57	10	46	9	145	191	10
58	12	43	9	123	169	10
59	9	45	9	128	174	10
60	8	44	9	138	184	10
61	13	40	9	119	165	10
62	10	43	9	29	75	10
63	12	43	9	83	129	10
64	9	41	9	64	110	10
65	57	62	16	35	81	10
66	54	58	16	93	139	10
67	53	63	16	155	201	10
68	58	58	16	87	133	10
69	55	59	16	145	191	10
70	57	60	16	97	143	10
71	54	63	16	165	211	10
72	52	58	16	95	141	10
73	31	60	16	156	202	10
74	29	63	16	13	59	10
75	33	61	16	180	226	10
76	33	63	16	61	107	10
77	31	58	16	152	198	10
78	28	59	16	60	106	10
79	31	63	16	135	181	10
80	27	58	16	20	66	10
81	17	62	12	171	217	10
82	18	64	12	29	75	10
83	18	67	12	82	128	10
84	22	67	12	155	201	10
85	18	67	12	108	154	10
86	18	64	12	94	140	10
87	20	66	12	28	74	10
88	21	66	12	87	133	10
89	49	34	19	124	170	10
90	49	35	19	77	123	10
91	47	37	19	60	106	10
92	50	36	19	1	47	10
93	51	32	19	31	77	10
94	47	34	19	46	92	10
95	50	37	19	80	126	10
96	53	33	19	172	218	10
97	28	25	23	119	165	10
98	32	28	23	69	115	10
99	27	25	23	0	46	10
100	29	25	23	113	159	10
101	33	26	23	103	149	10
102	29	24	23	102	148	10
103	27	26	23	6	52	10
104	33	22	23	104	150	10
105	12	9	20	42	88	10
106	16	11	20	73	119	10
107	12	11	20	42	88	10
108	18	8	20	18	64	10
109	18	9	20	53	99	10
110	13	13	20	15	61	10
111	15	7	20	92	138	10
112	18	13	20	38	84	10
113	33	7	8	2	48	10
114	33	3	8	149	195	10
115	27	3	8	105	151	10
116	27	8	8	33	79	10
117	31	7	8	5	51	10
118	32	3	8	128	174	10
119	28	3	8	108	154	10
120	27	2	8	17	63	10
121	10	19	19	148	194	10
122	10	21	19	114	160	10
123	11	17	19	53	99	10
124	9	17	19	32	78	10
125	10	21	19	25	71	10
126	13	19	19	136	182	10
127	7	20	19	170	216	10
128	13	21	19	62	108	10
129	5	32	2	5	51	10
130	2	29	2	5	51	10
131	2	33	2	154	200	10
132	7	33	2	83	129	10
133	4	28	2	92	138	10
134	4	30	2	145	191	10
135	4	28	2	67	113	10
136	7	29	2	72	118	10
137	23	42	12	162	208	10
138	18	39	12	127	173	10
139	20	37	12	54	100	10
140	21	37	12	49	95	10
141	18	43	12	159	205	10
142	21	40	12	176	222	10
143	22	41	12	148	194	10
144	22	37	12	155	201	10
145	15	58	17	143	189	10
146	18	58	17	15	61	10
147	16	63	17	160	206	10
148	12	60	17	28	74	10
149	18	57	17	39	85	10
150	15	61	17	125	171	10
151	16	63	17	157	203	10
152	12	58	17	92	138	10
153	48	63	9	120	166	10
154	45	67	9	92	138	10
155	44	63	9	79	125	10
156	47	67	9	175	226	10
157	43	65	9	37	83	10
158	48	63	9	39	85	10
159	45	64	9	143	189	10
160	48	66	9	71	117	10
161	47	22	11	46	92	10
162	42	22	11	173	219	10
163	47	23	11	61	107	10
164	45	18	11	56	102	10
165	48	20	11	163	209	10
166	46	20	11	123	169	10
167	48	17	11	4	50	10
168	43	18	11	13	59	10
169	43	7	18	10	56	10
170	47	13	18	139	185	10
171	47	13	18	60	106	10
172	44	8	18	116	162	10
173	48	9	18	6	52	10
174	44	11	18	136	182	10
175	45	8	18	160	206	10
176	43	7	18	15	61	10
177	57	4	29	118	164	10
178	58	4	29	147	193	10
179	54	4	29	21	67	10
180	54	8	29	18	64	10
181	52	7	29	101	147	10
182	56	2	29	84	130	10
183	52	5	29	80	126	10
184	54	4	29	123	169	10
185	64	37	3	61	107	10
186	65	34	3	143	189	10
187	63	35	3	76	122	10
188	65	37	3	2	48	10
189	63	37	3	134	180	10
190	67	37	3	171	217	10
191	63	32	3	181	227	10
192	64	35	3	126	172	10
193	66	18	6	50	96	10
194	67	19	6	160	206	10
195	67	17	6	77	123	10
196	65	21	6	176	223	10
197	65	21	6	55	101	10
198	64	22	6	135	181	10
199	63	21	6	173	219	10
200	67	19	6	6	52	10
