10000
5
25
200
0	35	35	0	0	230	0
1	41	49	10	0	230	0
2	35	17	7	0	230	0
3	55	45	13	0	230	0
4	55	20	19	0	230	0
5	15	30	26	0	230	0
6	25	30	3	0	230	0
7	20	50	5	0	230	0
8	10	43	9	0	230	0
9	55	60	16	0	230	0
10	30	60	16	0	230	0
11	20	65	12	0	230	0
12	50	35	19	0	230	0
13	30	25	23	0	230	0
14	15	10	20	0	230	0
15	30	5	8	0	230	0
16	10	20	19	0	230	0
17	5	30	2	0	230	0
18	20	40	12	0	230	0
19	15	60	17	0	230	0
20	45	65	9	0	230	0
21	45	20	11	0	230	0
22	45	10	18	0	230	0
23	55	5	29	0	230	0
24	65	35	3	0	230	0
25	65	20	6	0	230	0
1	40	48	10	0	220	10
2	41	49	10	96	107	10
3	39	47	10	103	114	10
4	44	48	10	68	79	10
5	39	51	10	87	98	10
6	43	52	10	191	211	10
7	38	49	10	195	207	10
8	44	51	10	118	129	10
9	34	16	7	190	220	10
10	35	19	7	0	220	10
11	36	18	7	78	89	10
12	33	17	7	2	29	10
13	34	20	7	0	220	10
14	33	16	7	112	123	10
15	37	17	7	23	34	10
16	34	18	7	163	174	10
17	58	44	13	174	185	10
18	57	48	13	52	63	10
19	56	45	13	0	220	10
20	58	47	13	0	220	10
21	56	43	13	180	191	10
22	52	45	13	178	189	10
23	57	46	13	185	207	10
24	58	46	13	0	220	10
25	57	23	19	0	220	10
26	55	20	19	125	136	10
27	56	21	19	15	36	10
28	53	17	19	0	220	10
29	58	19	19	50	61	10
30	54	20	19	0	220	10
31	55	18	19	0	220	10
32	56	19	19	44	55	10
33	17	33	26	103	114	10
34	15	32	26	125	136	10
35	13	29	26	34	45	10
36	17	33	26	17	29	10
37	15	29	26	0	220	10
38	16	28	26	0	220	10
39	14	30	26	0	220	10
40	13	31	26	0	220	10
41	28	29	3	18	29	10
42	25	29	3	0	220	10
43	28	28	3	198	209	10
44	27	32	3	141	152	10
45	27	31	3	90	101	10
46	26	33	3	192	203	10
47	28	29	3	200	225	10
48	23	30	3	197	227	10
49	19	49	5	11	32	10
50	19	52	5	113	124	10
51	18	53	5	147	158	10
52	19	51	5	180	191	10
53	21	49	5	167	178	10
54	19	50	5	172	183	10
55	23	53	5	0	220	10
56	17	51	5	0	220	10
57	10	46	9	8	38	10
58	12	43	9	0	220	10
59	9	45	9	182	221	10
60	8	44	9	106	117	10
61	13	40	9	187	223	10
62	10	43	9	167	178	10
63	12	43	9	43	54	10
64	9	41	9	183	226	10
65	57	62	16	115	126	10
66	54	58	16	92	103	10
67	53	63	16	0	220	10
68	58	58	16	0	220	10
69	55	59	16	85	96	10
70	57	60	16	13	44	10
71	54	63	16	27	44	10
72	52	58	16	20	39	10
73	31	60	16	183	194	10
74	29	63	16	22	39	10
75	33	61	16	6	37	10
76	33	63	16	0	220	10
77	31	58	16	0	220	10
78	28	59	16	0	220	10
79	31	63	16	0	220	10
80	27	58	16	185	215	10
81	17	62	12	177	188	10
82	18	64	12	176	227	10
83	18	67	12	0	220	10
84	22	67	12	64	75	10
85	18	67	12	151	162	10
86	18	64	12	0	220	10
87	20	66	12	147	158	10
88	21	66	12	129	140	10
89	49	34	19	57	68	10
90	49	35	19	116	127	10
91	47	37	19	192	203	10
92	50	36	19	0	220	10
93	51	32	19	0	220	10
94	47	34	19	59	70	10
95	50	37	19	130	141	10
96	53	33	19	14	29	10
97	28	25	23	185	196	10
98	32	28	23	0	220	10
99	27	25	23	0	220	10
100	29	25	23	33	44	10
101	33	26	23	0	220	10
102	29	24	23	0	220	10
103	27	26	23	0	220	10
104	33	22	23	75	86	10
105	12	9	20	22	45	10
106	16	11	20	26	41	10
107	12	11	20	5	44	10
108	18	8	20	0	220	10
109	18	9	20	80	91	10
110	13	13	20	79	90	10
111	15	7	20	0	220	10
112	18	13	20	0	220	10
113	33	7	8	121	132	10
114	33	3	8	0	220	10
115	27	3	8	0	220	10
116	27	8	8	0	220	10
117	31	7	8	19	39	10
118	32	3	8	77	88	10
119	28	3	8	0	220	10
120	27	2	8	91	102	10
121	10	19	19	180	205	10
122	10	21	19	0	220	10
123	11	17	19	47	58	10
124	9	17	19	154	165	10
125	10	21	19	181	193	10
126	13	19	19	110	121	10
127	7	20	19	131	142	10
128	13	21	19	66	77	10
129	5	32	2	24	41	10
130	2	29	2	0	220	10
131	2	33	2	95	106	10
132	7	33	2	140	151	10
133	4	28	2	0	220	10
134	4	30	2	72	83	10
135	4	28	2	142	153	10
136	7	29	2	160	171	10
137	23	42	12	146	157	10
138	18	39	12	180	191	10
139	20	37	12	101	112	10
140	21	37	12	92	103	10
141	18	43	12	1	29	10
142	21	40	12	0	220	10
143	22	41	12	20	31	10
144	22	37	12	171	182	10
145	15	58	17	179	201	10
146	18	58	17	25	39	10
147	16	63	17	18	44	10
148	12	60	17	0	220	10
149	18	57	17	182	194	10
150	15	61	17	0	43	10
151	16	63	17	0	220	10
152	12	58	17	11	43	10
153	48	63	9	179	208	10
154	45	67	9	176	219	10
155	44	63	9	180	224	10
156	47	67	9	38	49	10
157	43	65	9	85	96	10
158	48	63	9	6	41	10
159	45	64	9	34	45	10
160	48	66	9	43	54	10
161	47	22	11	0	220	10
162	42	22	11	82	93	10
163	47	23	11	0	220	10
164	45	18	11	0	220	10
165	48	20	11	170	181	10
166	46	20	11	122	133	10
167	48	17	11	139	150	10
168	43	18	11	41	52	10
169	43	7	18	95	106	10
170	47	13	18	149	160	10
171	47	13	18	105	116	10
172	44	8	18	59	70	10
173	48	9	18	0	220	10
174	44	11	18	0	220	10
175	45	8	18	101	112	10
176	43	7	18	3	40	10
177	57	4	29	160	171	10
178	58	4	29	8	49	10
179	54	4	29	173	205	10
180	54	8	29	100	111	10
181	52	7	29	139	150	10
182	56	2	29	79	90	10
183	52	5	29	175	187	10
184	54	4	29	13	47	10
185	64	37	3	168	179	10
186	65	34	3	179	217	10
187	63	35	3	5	38	10
188	65	37	3	0	220	10
189	63	37	3	181	220	10
190	67	37	3	19	43	10
191	63	32	3	41	52	10
192	64	35	3	73	84	10
193	66	18	6	174	193	10
194	67	19	6	138	149	10
195	67	17	6	123	134	10
196	65	21	6	159	170	10
197	65	21	6	120	131	10
198	64	22	6	60	71	10
199	63	21	6	115	126	10
200	67	19	6	167	178	10
